60 60
1 4 29 4 15 25 18 9 13 20 4 5 16 14 15 23 6 21 28 22 18 7 8 15 16 16 22 33 32 31 6 23 33 2 24 14 24 8 22 3 28 23 5 8 4 19 28 7 5 22 28 22 28 1 1 9 14 21 6 12 
1 18 12 1 17 11 25 31 1 30 17 1 22 7 6 27 8 22 21 12 26 8 6 12 33 4 11 8 17 31 12 29 15 23 27 32 31 16 27 31 11 10 29 30 14 1 22 21 23 7 30 13 14 3 25 14 6 2 21 21 
1 30 30 14 11 19 5 7 16 21 33 11 29 10 7 23 21 7 11 9 27 18 5 7 31 5 29 9 9 28 30 27 24 26 7 32 10 11 6 23 29 3 32 22 10 5 12 31 9 22 4 1 4 6 7 33 11 33 8 17 
1 27 2 10 15 26 16 13 33 24 16 22 20 17 20 8 26 22 17 23 29 6 26 29 7 32 33 6 7 32 12 21 23 13 30 4 5 10 14 4 31 28 24 17 11 8 23 3 30 6 26 23 9 16 18 16 12 15 19 16 
1 11 30 3 33 8 30 1 10 6 14 14 2 8 2 18 18 9 5 19 3 11 9 23 17 24 7 30 1 19 14 16 29 10 19 28 15 13 28 25 19 7 3 20 14 4 2 30 10 5 13 11 15 21 33 29 9 5 26 9 
2 23 6 25 19 13 8 11 28 20 4 17 3 10 19 20 21 20 20 15 29 24 27 4 3 12 4 31 21 6 23 29 28 28 18 11 6 23 20 33 10 23 16 10 30 32 30 15 18 14 30 11 4 21 13 6 33 16 3 20 
1 21 24 13 13 18 29 22 21 18 8 20 25 28 33 2 24 29 29 5 11 9 32 20 12 20 32 15 17 12 17 3 30 7 13 9 23 6 30 10 24 2 28 15 29 25 14 17 19 9 20 29 15 18 13 24 2 11 5 18 
1 22 22 18 16 26 31 23 13 3 17 21 24 19 13 4 12 2 17 29 20 24 15 16 3 30 28 27 32 4 31 14 23 17 32 6 8 27 28 20 27 11 5 18 27 17 19 6 19 2 32 5 23 11 18 26 7 11 17 3 
2 12 14 17 1 31 15 4 3 6 29 20 32 5 25 14 31 8 32 1 24 32 32 27 21 7 9 11 14 19 27 14 28 6 28 29 1 7 30 3 12 26 22 11 28 13 24 25 19 21 24 9 19 20 33 6 27 9 15 7 
3 25 8 18 20 13 13 13 13 19 9 13 31 32 2 6 26 14 27 16 30 14 6 4 32 25 3 3 18 11 17 22 1 22 5 20 33 17 32 10 33 7 23 30 4 24 33 29 2 27 11 30 5 14 33 4 4 33 4 21 
1 9 18 8 9 6 12 28 3 26 26 13 25 30 2 20 33 23 19 27 22 10 2 18 15 16 15 16 19 15 17 4 21 1 9 29 6 20 21 9 10 11 19 2 7 18 21 5 7 4 29 26 12 30 9 26 12 21 6 28 
1 33 22 30 20 22 5 15 25 23 33 31 32 10 16 33 17 33 18 19 4 20 14 28 31 10 1 21 20 21 24 12 21 12 8 7 31 13 20 20 2 19 18 31 29 31 29 10 29 11 26 30 30 6 24 25 13 24 12 30 
2 12 2 9 30 11 14 1 6 26 20 26 25 4 8 21 30 5 16 4 31 26 29 28 21 32 18 12 11 7 24 8 18 23 14 12 32 27 12 2 18 30 25 9 33 32 29 27 2 9 30 32 2 23 26 22 21 9 33 29 
3 15 21 1 30 9 14 8 5 6 19 6 23 15 29 29 12 27 23 5 26 31 32 25 30 19 15 18 6 23 16 33 4 1 33 33 7 12 5 9 17 24 13 6 3 8 1 15 32 21 17 25 19 14 14 15 32 28 31 3 
5 16 11 2 19 9 32 17 14 10 19 22 24 9 1 29 12 8 28 24 5 13 7 29 31 20 9 11 17 1 6 19 16 16 20 33 22 16 14 2 26 32 24 16 6 22 10 15 28 2 5 32 14 9 25 10 27 31 18 10 
1 31 23 28 12 3 12 11 22 27 22 24 19 20 12 33 25 33 7 6 25 6 8 23 17 17 14 24 10 11 8 19 7 28 13 18 28 24 26 17 17 14 5 1 33 16 31 23 13 2 26 5 7 1 25 21 15 6 12 24 
1 14 17 7 18 12 17 33 6 5 25 20 19 3 24 19 1 6 14 23 17 15 13 21 19 11 12 7 25 15 18 13 27 1 19 11 10 33 9 14 4 33 31 23 3 22 6 3 25 18 23 8 32 2 26 16 11 5 22 2 
2 17 4 15 10 2 31 19 12 29 27 23 32 24 20 19 24 6 23 24 31 7 13 5 3 13 31 18 23 33 6 22 16 7 1 24 9 32 7 18 25 33 5 23 21 24 7 12 30 27 33 27 33 13 29 33 23 24 18 10 
3 21 21 31 2 28 30 25 1 26 31 18 17 28 22 4 13 10 10 24 6 3 22 30 33 32 24 33 21 12 15 28 31 2 23 32 27 19 21 27 11 16 9 27 10 28 31 20 5 5 9 8 6 30 3 5 28 24 2 13 
5 33 16 7 30 16 29 26 7 13 13 32 23 28 7 15 2 33 12 20 4 14 28 9 19 24 9 22 18 30 23 30 30 4 1 24 17 29 17 23 6 27 21 29 20 26 10 19 25 19 5 26 32 32 32 16 22 8 4 4 
8 4 24 33 33 27 33 22 8 27 5 31 32 29 16 25 15 8 1 32 30 17 3 22 14 33 21 29 21 28 32 25 29 20 22 27 12 20 15 19 13 17 14 9 12 30 1 25 2 32 23 32 16 23 20 29 22 7 22 8 
1 32 18 30 28 4 18 19 15 2 33 1 14 14 14 21 23 8 21 14 10 17 1 8 32 22 27 25 10 32 11 17 28 28 13 20 32 29 5 13 30 2 11 9 15 23 29 5 30 14 18 4 30 17 11 27 5 3 16 12 
1 32 27 29 26 21 6 13 17 32 15 28 27 17 3 2 31 25 28 2 20 8 18 23 2 32 32 28 1 32 9 12 30 2 5 20 20 11 30 2 7 10 29 33 26 31 32 21 23 26 21 7 31 3 27 33 1 25 25 1 
2 21 33 12 15 32 15 2 19 23 29 20 29 5 13 29 28 10 27 16 30 18 3 3 15 5 30 14 3 19 4 1 7 3 12 21 2 24 20 18 13 14 4 9 16 16 2 11 23 26 24 20 10 26 20 23 28 14 1 30 
3 33 4 30 4 7 6 22 6 30 7 23 9 20 24 15 33 6 16 10 26 7 31 12 16 23 30 5 15 10 4 11 9 7 5 10 13 9 32 18 5 3 7 11 20 30 24 19 33 6 27 24 10 24 33 26 12 29 28 26 
5 6 31 2 12 3 6 22 15 14 18 31 16 20 2 25 6 30 15 24 27 18 15 17 28 6 17 18 17 12 12 7 15 8 8 27 10 14 13 22 25 30 19 6 14 19 30 19 15 11 7 8 28 20 23 22 25 6 6 6 
8 15 16 10 30 21 18 21 28 29 33 16 20 27 33 25 7 18 19 23 30 29 27 2 22 13 24 8 2 27 14 5 9 27 15 3 14 32 23 6 27 20 21 11 11 20 1 17 2 19 4 31 13 28 33 1 8 21 8 9 
13 15 19 14 21 10 26 23 21 24 10 26 15 27 14 23 4 31 23 18 31 7 21 26 17 15 23 15 20 11 22 27 23 6 5 10 15 30 30 1 20 4 26 32 28 4 21 31 33 9 15 30 13 33 20 29 12 10 10 30 
1 18 29 23 7 32 25 14 12 21 8 12 5 11 4 3 3 8 21 33 7 29 12 1 6 9 20 1 18 27 8 14 11 2 1 15 33 25 28 11 10 2 22 14 10 24 14 12 29 2 9 33 28 20 33 1 26 17 32 11 
1 11 5 22 19 4 23 1 3 12 28 12 22 28 31 2 2 19 14 14 14 13 20 13 7 5 10 5 30 27 2 5 2 6 27 20 9 14 18 9 25 13 18 13 5 14 13 6 32 26 17 13 5 4 23 9 8 33 14 2 
2 24 13 7 23 16 33 7 24 11 25 30 2 2 13 15 6 26 25 9 24 15 24 1 19 27 24 25 32 21 3 33 9 15 6 31 30 3 2 18 13 26 13 15 25 25 27 28 17 16 4 5 30 27 4 13 18 25 4 16 
3 12 7 13 18 19 19 15 16 19 14 31 30 7 10 9 31 1 33 26 15 15 27 18 11 18 21 23 2 12 24 15 21 30 27 5 16 10 17 29 29 30 26 23 1 1 31 30 32 30 20 14 11 13 31 19 30 16 8 29 
5 25 29 10 12 26 3 14 6 13 28 32 6 22 22 28 23 22 23 19 21 19 5 32 27 15 27 12 9 9 17 4 31 12 13 7 2 13 20 5 23 12 3 28 33 23 20 20 11 7 3 29 25 5 27 16 19 20 25 27 
8 26 6 28 23 16 7 29 17 20 13 22 9 24 22 2 22 11 19 6 20 26 9 15 15 13 7 29 30 26 20 21 17 26 16 6 8 20 33 22 4 12 8 11 1 28 12 20 5 28 25 22 18 33 4 31 11 10 26 7 
13 33 12 25 16 2 7 20 7 25 19 27 28 28 1 5 26 28 14 12 31 9 2 19 26 32 20 23 9 27 13 13 25 25 5 5 24 9 24 29 31 7 22 26 33 20 30 23 13 11 33 10 17 1 26 7 32 13 30 6 
21 4 9 18 28 31 20 33 20 27 21 13 24 26 1 16 25 18 11 14 30 19 11 6 2 11 30 8 8 7 2 13 10 9 28 3 4 13 2 21 6 20 33 27 12 31 8 1 16 16 13 12 1 23 16 2 32 12 7 6 
1 18 7 16 27 15 10 29 16 20 28 4 23 15 3 17 26 1 22 25 16 4 4 25 4 26 7 3 24 18 9 29 2 15 9 29 27 19 22 10 5 17 13 28 29 13 9 21 13 30 12 26 33 13 18 3 6 22 3 27 
1 7 11 21 8 24 29 1 15 14 21 24 17 4 1 9 32 14 15 17 24 11 27 17 8 4 32 8 9 20 10 3 24 20 23 30 8 16 30 23 30 15 13 11 18 12 17 14 25 31 29 15 6 20 29 13 23 27 20 30 
2 12 29 30 2 13 17 29 19 32 26 8 26 7 18 1 23 29 17 1 18 12 27 33 15 11 28 27 32 20 11 28 29 4 24 28 15 5 24 31 3 14 3 29 18 20 29 5 14 11 6 29 22 30 28 2 8 21 26 6 
3 5 4 31 33 5 19 25 17 23 15 14 25 28 16 18 11 1 14 15 12 22 20 7 8 15 33 9 22 18 2 25 22 3 20 19 7 5 10 22 25 25 2 14 17 16 32 27 16 10 9 25 31 26 31 5 5 28 12 24 
5 12 13 15 31 15 32 16 19 3 26 7 27 15 7 6 29 22 4 21 2 11 27 26 8 17 23 10 22 16 21 12 27 33 25 25 12 23 5 31 24 28 4 15 7 10 20 3 29 23 23 30 33 14 22 5 30 10 13 18 
8 25 33 30 16 31 19 5 7 8 10 4 29 4 6 11 11 15 30 11 9 18 31 5 15 11 25 18 7 1 30 25 23 27 19 5 22 4 10 29 9 17 30 5 20 2 13 28 15 7 5 23 22 2 27 2 12 16 19 19 
13 16 13 8 3 4 26 6 26 27 13 19 2 29 15 4 15 17 16 8 31 21 12 18 9 14 9 10 25 25 26 8 5 5 15 8 7 7 11 30 33 23 15 33 18 27 3 30 10 17 4 5 2 16 22 10 27 31 18 16 
21 20 10 24 24 13 5 31 19 10 8 13 9 28 27 6 10 20 7 7 28 21 8 30 22 21 17 31 14 12 13 30 31 21 18 21 33 22 17 16 31 22 26 5 17 19 10 24 3 16 30 28 1 3 23 22 21 6 18 33 
34 17 30 27 12 17 11 32 14 32 13 27 28 33 19 32 14 2 6 4 3 20 1 30 20 1 19 9 21 22 26 20 3 20 11 14 2 21 11 13 18 23 5 12 20 21 8 33 21 13 4 23 32 2 17 19 2 3 25 20 
1 22 15 5 25 32 15 5 33 3 15 11 20 3 13 29 22 33 3 22 20 15 25 7 12 24 24 30 25 24 19 9 12 33 13 3 31 28 6 29 28 20 4 12 20 16 7 7 15 9 26 33 23 17 4 1 5 27 28 29 
1 15 13 2 27 10 15 27 6 7 32 32 1 17 2 12 1 17 18 7 29 24 32 26 13 13 30 12 17 21 4 10 3 15 12 29 24 24 20 27 30 19 25 28 33 24 4 33 7 21 7 1 9 3 24 19 16 18 30 30 
2 6 32 7 8 13 16 1 1 6 20 28 2 3 17 27 33 8 30 33 12 15 4 12 23 6 1 8 21 18 3 16 23 1 22 28 11 4 26 11 7 11 5 6 11 20 32 11 27 28 10 5 9 13 15 31 16 15 3 2 
3 32 5 17 20 3 3 12 13 4 5 24 10 13 26 15 23 12 13 33 5 5 7 8 13 17 22 8 33 3 10 1 32 13 17 18 15 19 28 28 22 32 16 31 9 8 10 31 18 20 29 20 24 2 27 3 19 15 10 18 
5 15 17 18 14 29 32 29 11 17 23 5 3 19 20 31 27 25 7 23 7 24 18 27 14 17 20 16 2 33 23 17 14 6 32 27 2 28 23 10 9 10 12 11 29 29 6 22 20 10 11 25 33 26 18 13 10 2 28 9 
8 1 15 24 15 19 20 6 18 15 26 27 23 3 5 1 31 33 4 17 17 14 26 8 13 16 23 26 25 25 18 32 25 33 22 4 18 8 10 2 20 2 26 10 2 30 8 30 27 11 14 8 24 4 14 4 19 3 27 9 
13 27 11 5 17 10 24 20 25 31 29 24 16 29 16 25 30 10 30 25 3 7 3 9 29 6 22 32 22 22 23 28 16 33 32 30 8 22 16 32 18 10 21 33 5 3 22 32 13 18 23 13 24 25 19 17 28 7 13 17 
21 27 2 9 7 2 8 3 9 27 18 5 11 27 25 8 29 26 29 28 3 13 15 13 2 7 32 18 32 3 31 13 29 30 22 2 31 27 4 4 18 20 9 29 13 31 1 9 23 28 1 25 5 15 5 6 19 1 22 16 
34 3 17 28 30 13 14 31 9 7 33 12 25 17 20 18 29 18 16 2 5 10 33 28 15 13 30 18 29 30 4 11 30 18 6 26 31 17 22 6 22 19 15 11 2 2 28 28 17 8 30 19 18 27 13 30 6 9 14 2 
55 3 16 10 33 33 13 25 30 30 11 33 18 29 13 28 30 12 20 25 26 27 19 11 9 10 24 5 16 30 17 15 33 32 24 32 31 4 21 26 33 32 23 15 25 2 9 22 11 26 11 3 19 27 14 26 3 2 30 16 
1 31 11 30 28 9 19 24 5 22 10 28 19 6 15 33 30 15 6 18 25 29 28 28 14 19 6 6 22 7 1 4 2 11 1 28 18 19 18 20 5 27 14 21 32 26 18 29 7 21 11 30 16 4 24 27 22 27 33 8 
1 33 31 12 32 6 10 26 21 26 11 7 30 2 18 17 32 11 32 25 15 19 33 11 1 3 32 27 23 25 24 30 22 21 8 21 25 15 13 12 7 21 19 1 21 1 15 19 9 13 8 24 31 7 32 31 8 29 23 30 
2 20 13 26 7 32 32 27 23 11 4 1 18 25 17 16 10 16 31 26 24 10 33 12 6 4 11 1 11 6 23 7 23 3 31 29 1 27 20 21 4 24 19 19 13 1 2 22 16 30 12 6 4 11 18 9 14 26 10 25 
3 31 30 29 18 30 24 14 30 15 31 15 17 21 1 2 31 1 1 17 16 30 28 19 1 5 1 7 17 26 14 6 21 11 32 6 7 21 17 2 2 14 16 18 33 14 18 28 14 16 12 27 13 6 13 11 9 11 17 23 
5 4 29 28 22 6 24 25 10 11 6 9 11 20 23 26 17 3 8 11 17 24 20 8 3 24 18 11 32 29 25 19 32 20 11 18 23 1 10 33 10 15 8 20 32 30 12 13 31 20 24 12 10 8 19 10 31 4 18 27