100 100
14 11 16 3 18 13 32 24 30 2 23 23 5 24 30 7 6 4 14 29 28 24 25 2 22 12 15 28 24 32 33 5 9 13 7 27 25 5 17 21 5 1 4 9 7 27 5 11 32 7 23 25 1 13 14 2 1 25 14 26 16 12 23 20 19 2 24 10 27 26 24 12 30 27 20 1 18 23 12 16 29 1 5 27 11 19 29 10 10 7 33 23 17 23 7 33 22 28 9 15 
21 30 25 15 21 9 14 5 31 23 18 24 21 22 18 31 7 11 5 15 17 3 2 33 23 9 32 11 3 5 24 21 1 15 1 19 21 14 23 19 3 1 7 9 23 27 26 18 33 3 23 12 18 25 14 15 14 20 12 22 20 16 12 6 15 24 6 33 12 19 21 30 21 27 3 8 20 29 25 18 29 12 27 13 3 7 28 14 24 6 3 9 19 12 14 33 3 19 31 12 
2 18 8 20 9 10 27 27 3 18 11 32 28 4 11 28 9 3 9 32 8 9 5 25 18 18 24 18 1 19 29 2 1 3 21 10 11 12 3 11 28 1 13 9 22 14 18 16 20 18 22 19 26 28 23 15 13 6 5 30 6 22 26 8 22 26 26 31 1 5 31 12 32 8 18 20 22 2 33 8 20 22 24 10 16 12 24 28 17 26 23 20 12 13 27 1 5 18 29 4 
22 27 13 18 1 30 2 20 30 1 26 14 22 16 23 3 25 11 28 6 1 17 26 13 29 17 11 32 1 6 33 20 30 12 4 29 8 5 15 4 6 1 5 17 25 19 4 27 10 14 22 14 13 3 4 23 32 18 33 28 17 3 27 3 33 5 5 26 12 9 5 14 12 10 30 2 28 32 26 2 10 14 15 22 15 18 11 11 1 8 5 17 11 29 19 8 33 23 33 9 
30 4 20 6 13 15 5 7 13 31 7 22 9 21 9 23 4 19 33 4 25 2 20 2 30 3 9 27 24 8 1 18 9 20 23 22 32 28 26 11 25 1 32 31 33 18 6 21 21 22 20 22 13 22 6 12 16 8 20 10 31 25 8 13 1 27 3 20 26 28 10 1 17 9 31 14 24 1 1 11 23 19 30 33 5 2 12 20 7 29 27 3 19 1 15 17 26 15 3 16 
9 10 16 23 18 12 4 6 12 2 14 32 20 10 30 24 9 6 11 16 1 4 18 17 3 32 33 28 14 2 10 20 12 25 10 27 1 13 33 11 12 2 13 7 32 21 3 22 29 8 30 11 7 32 26 23 1 25 21 28 3 20 2 20 29 26 27 23 25 4 20 2 16 30 8 14 15 9 33 11 14 28 19 18 26 12 8 24 1 26 16 1 12 17 20 8 7 14 28 29 
17 14 30 32 8 5 10 23 11 10 31 24 4 16 9 27 27 14 17 27 6 30 25 17 11 12 24 15 23 18 11 6 29 7 3 2 9 12 24 19 19 1 21 8 22 1 16 13 28 27 27 19 32 23 11 13 31 20 2 13 9 19 23 12 13 29 14 14 3 24 2 19 9 20 26 29 20 8 8 12 32 33 31 30 22 8 8 20 27 9 30 33 25 19 11 2 12 23 15 14 
11 14 33 19 33 25 12 18 31 18 29 29 17 24 24 3 31 29 20 22 4 16 19 26 1 30 28 13 17 9 24 27 21 23 10 18 13 20 2 10 4 1 31 3 18 21 24 18 17 19 5 3 20 18 20 13 19 14 7 29 30 15 19 23 33 7 30 18 19 16 19 26 19 14 28 1 33 17 19 14 2 23 14 22 7 33 1 23 13 7 16 9 19 2 29 19 6 26 3 24 
8 19 16 25 33 8 25 30 24 8 10 26 30 23 12 2 23 10 22 33 16 5 7 32 4 2 17 9 25 17 30 31 1 12 22 33 19 11 29 8 19 2 3 31 13 25 9 12 12 18 32 12 31 1 18 29 4 17 11 10 7 25 6 4 25 15 23 22 31 31 15 5 14 17 2 25 7 8 1 18 23 32 27 18 32 11 12 33 26 20 7 32 11 10 33 1 24 22 20 20 
19 2 24 31 16 24 22 22 29 22 7 17 21 31 1 17 7 12 17 32 31 23 28 7 31 27 5 21 13 24 7 29 23 29 26 6 17 14 25 10 3 3 31 26 21 29 27 4 2 3 18 31 1 6 25 5 3 16 9 21 28 30 26 23 20 21 16 23 2 27 14 11 27 10 4 14 5 30 16 4 32 33 32 30 3 21 1 3 3 7 24 28 4 16 17 21 1 30 10 2 
24 23 12 17 32 13 29 1 7 11 2 6 8 33 33 9 20 32 11 20 3 1 14 6 14 29 24 14 25 33 13 13 23 25 28 21 4 23 20 11 31 1 21 14 3 19 11 11 3 7 20 23 10 20 1 13 32 27 4 12 19 3 23 29 25 14 23 11 15 10 28 23 7 15 1 8 33 10 18 3 16 4 23 25 22 21 5 20 15 8 29 31 8 18 26 31 29 14 8 9 
23 33 29 28 14 30 2 12 4 17 12 19 19 32 11 7 19 13 24 31 18 17 28 25 33 19 22 28 32 27 1 19 26 30 13 7 24 12 16 27 27 1 25 12 12 23 20 16 6 30 6 4 14 20 31 6 19 16 27 12 12 21 12 31 11 6 8 15 27 18 30 20 11 21 30 22 10 14 4 16 11 7 17 22 26 14 27 10 28 19 21 6 4 30 3 14 1 9 29 27 
26 25 12 3 11 8 22 18 19 23 31 27 29 14 16 19 28 7 28 20 25 13 25 26 10 26 7 10 1 33 1 24 22 12 26 32 19 12 17 3 1 2 12 29 29 26 11 12 18 16 7 4 7 19 28 31 26 18 4 2 18 3 3 8 22 14 31 21 31 9 2 33 7 13 26 2 5 2 14 22 17 18 23 21 3 18 18 27 33 19 28 18 19 28 23 8 7 19 28 2 
25 27 32 32 6 24 31 9 23 9 28 6 26 18 27 27 33 11 20 32 28 12 14 13 5 2 20 9 20 14 8 9 5 6 7 11 27 3 17 17 11 3 11 20 2 26 13 26 25 22 12 22 16 21 2 28 23 3 13 31 20 24 5 29 29 8 2 4 2 2 20 16 13 28 2 14 21 13 4 10 32 15 31 12 33 31 4 23 33 16 18 18 7 21 13 2 28 12 3 27 
14 20 9 24 14 9 4 32 19 7 7 17 19 4 28 16 32 31 3 32 14 21 16 18 8 26 19 2 4 19 27 15 5 33 5 18 8 6 15 24 10 5 21 7 28 22 1 9 21 30 11 17 8 31 30 25 3 22 8 3 23 26 29 5 30 28 7 12 1 13 26 24 22 11 29 15 31 27 23 18 23 33 32 30 29 28 19 31 14 26 33 1 18 28 3 12 21 10 24 19 
20 14 7 8 25 2 22 22 29 9 4 16 9 33 11 2 27 29 32 5 22 32 3 4 24 4 16 9 13 4 25 30 17 32 4 8 33 24 27 26 32 1 28 9 5 27 17 6 18 12 3 20 31 32 23 33 22 26 15 29 3 18 20 32 32 18 33 5 16 23 31 8 20 24 14 24 17 28 28 33 7 30 19 2 28 6 1 14 31 13 7 31 28 27 27 27 9 27 31 24 
14 26 30 33 16 8 22 31 3 14 30 7 8 15 6 2 21 7 13 16 17 20 12 12 11 3 3 19 29 33 8 8 25 2 5 6 7 26 3 7 4 1 30 13 11 9 17 10 29 21 23 10 4 7 19 13 17 21 15 33 17 14 7 22 4 6 26 7 13 17 7 19 20 3 30 29 11 13 5 5 33 27 12 3 33 30 14 14 17 28 14 31 9 18 19 10 22 12 14 1 
26 20 17 12 20 13 7 30 23 12 32 22 3 10 23 1 6 3 12 23 28 25 20 3 8 6 10 29 15 23 27 7 7 10 16 26 21 21 23 8 30 2 19 30 32 29 17 30 1 17 9 21 11 31 8 12 5 11 19 31 23 7 22 27 13 32 7 6 17 27 26 24 23 11 18 20 6 32 14 5 15 22 25 24 18 30 33 22 5 18 18 25 24 6 18 2 2 25 7 18 
16 32 7 6 7 22 23 11 21 3 15 33 23 4 21 7 32 20 26 3 3 10 26 24 14 10 25 15 32 31 31 15 27 2 18 1 23 7 11 10 9 3 23 8 29 26 28 2 22 15 28 23 17 4 15 5 15 24 30 30 21 25 25 2 19 26 19 17 15 23 25 23 29 14 30 25 4 24 26 26 3 20 13 19 22 27 24 3 15 18 30 2 9 21 1 27 13 19 8 28 
6 32 15 2 10 11 26 14 1 18 4 2 3 16 20 24 7 8 24 21 23 21 23 32 8 23 23 21 7 31 13 12 27 27 11 4 2 3 15 33 19 5 16 1 21 29 19 9 2 24 32 22 14 19 9 10 25 30 32 10 3 27 22 12 21 13 23 22 12 23 3 11 8 16 10 26 11 28 1 10 16 31 29 29 14 5 3 5 1 2 14 1 26 33 10 11 10 30 32 21 
20 32 30 27 14 6 18 22 31 18 31 13 13 25 9 27 29 11 29 27 10 8 25 1 5 1 11 15 31 8 33 15 6 29 8 18 32 23 4 29 8 8 33 9 18 24 15 9 17 23 5 10 31 10 32 31 14 30 6 28 27 13 26 6 17 19 14 1 18 3 2 13 8 1 19 26 24 31 32 7 21 3 14 16 12 10 13 26 7 16 18 31 29 8 4 12 27 17 10 11 
17 9 21 23 10 7 13 33 4 11 5 22 12 16 4 23 26 14 13 32 30 29 29 25 3 32 1 29 13 8 4 28 16 25 15 23 29 27 21 30 2 1 25 19 13 5 20 1 30 1 11 26 30 4 22 19 5 18 17 33 29 24 2 21 4 24 2 27 19 26 14 13 25 3 31 5 7 18 3 2 16 11 27 12 15 13 30 19 29 11 16 24 1 15 11 2 5 10 28 23 
2 6 3 26 8 31 28 13 13 28 14 28 6 5 4 18 18 31 1 13 8 14 1 6 29 11 8 33 20 33 23 19 6 23 9 11 18 2 23 31 29 1 3 23 32 8 27 14 23 24 14 2 30 28 2 2 23 10 9 22 27 9 9 10 14 29 18 22 14 19 12 9 13 12 29 11 17 22 25 6 11 3 5 7 30 4 6 17 11 15 6 2 21 12 11 32 6 27 20 17 
12 29 25 24 8 20 33 22 7 22 28 15 24 30 19 21 32 24 4 7 3 7 9 23 17 19 19 22 12 6 5 22 1 27 10 6 11 9 28 17 30 2 20 31 19 14 16 6 12 5 7 19 7 12 25 28 26 8 13 14 20 16 16 6 17 7 13 22 17 20 14 32 14 33 29 32 14 10 4 23 14 9 6 18 20 30 12 12 5 23 23 22 5 3 27 21 9 4 8 23 
23 21 21 4 19 15 2 32 24 4 19 2 10 25 19 27 21 29 3 25 18 23 11 22 25 2 8 31 6 13 20 28 33 8 29 16 22 29 12 10 32 3 31 11 6 22 27 32 7 20 1 30 2 23 7 24 12 9 29 9 12 8 26 4 7 31 33 21 19 28 32 26 24 29 1 27 15 28 25 20 12 23 14 14 10 20 2 21 26 30 27 2 4 17 6 8 15 5 28 33 
30 27 24 18 20 24 11 33 16 33 17 28 22 30 8 29 16 9 14 7 5 7 8 8 23 13 15 4 15 8 2 9 1 25 26 18 15 1 17 31 33 5 31 23 19 27 28 14 8 3 27 12 5 31 19 10 19 30 22 20 9 29 21 18 27 10 8 12 23 9 26 18 6 24 7 25 17 1 3 22 1 28 33 3 25 17 12 8 13 33 28 19 27 13 3 20 21 9 31 10 
17 22 25 20 12 29 9 26 27 10 13 27 4 12 29 26 28 5 1 5 2 28 24 28 5 26 15 25 1 10 1 15 31 23 33 7 18 8 33 11 17 8 10 4 18 21 30 11 16 32 11 20 1 3 10 28 7 1 7 30 32 17 30 12 14 20 11 21 2 16 18 13 31 27 14 15 12 11 25 27 7 33 12 7 33 19 33 5 17 6 1 16 22 28 25 1 12 2 19 14 
15 1 26 12 27 6 27 3 14 16 30 21 16 6 25 13 22 24 17 6 30 17 19 16 10 10 16 21 11 32 1 25 32 26 2 25 30 28 28 10 10 13 22 28 23 25 20 1 13 10 17 18 4 32 3 18 8 10 31 26 20 30 27 10 28 17 11 18 13 3 10 23 10 31 15 31 20 1 31 30 9 12 15 10 10 15 27 15 25 25 6 9 21 32 16 13 15 26 30 28 
26 6 15 3 1 29 33 18 28 30 15 3 6 27 10 14 8 4 26 30 26 31 4 11 29 17 23 9 8 18 1 33 23 13 2 22 8 32 6 33 26 1 20 33 32 13 10 12 19 13 4 13 3 2 14 13 28 31 33 1 5 17 1 4 5 13 4 24 19 2 29 18 26 14 18 24 26 25 33 9 4 3 22 4 2 33 14 30 30 13 30 1 28 29 3 30 6 4 20 24 
3 15 7 28 28 22 16 19 13 15 27 14 16 13 17 17 11 30 11 7 7 6 6 1 1 6 28 6 9 14 28 11 29 1 4 21 20 19 4 32 1 1 29 12 16 6 26 30 16 20 8 23 26 11 26 25 11 31 17 14 4 31 6 14 26 4 15 11 23 1 15 21 32 8 30 12 13 20 8 29 6 13 16 30 23 8 19 31 5 2 12 8 30 15 19 22 19 1 31 8 
32 10 27 30 17 21 8 27 8 13 22 11 26 4 5 15 9 21 13 13 21 22 18 17 3 2 4 21 33 1 27 31 8 20 27 22 5 32 15 12 11 2 2 21 3 3 23 16 12 11 28 22 31 14 5 12 16 6 15 2 5 13 28 2 18 12 26 6 16 22 19 26 32 20 13 33 22 33 15 33 10 7 20 5 20 24 17 33 29 29 32 33 9 26 32 26 2 22 30 18 
10 15 10 8 32 20 5 20 19 19 18 27 23 4 31 7 27 12 7 20 6 5 17 14 29 15 4 30 1 31 14 10 12 21 15 10 5 20 28 24 3 3 10 15 26 13 12 32 4 22 3 23 27 6 4 5 1 16 6 28 16 4 7 25 13 27 6 21 30 25 13 20 28 22 1 18 32 10 14 33 29 17 20 20 22 23 22 20 5 28 12 20 29 18 9 6 10 14 24 6 
4 3 23 31 22 21 13 20 28 26 17 24 9 3 8 28 25 30 12 27 22 24 13 17 8 21 20 15 33 11 20 3 11 9 31 33 27 10 17 22 33 5 1 10 9 3 17 1 26 13 13 19 1 1 30 15 6 15 2 21 14 10 7 16 20 14 11 19 7 18 1 26 18 32 2 26 1 17 24 24 27 1 8 26 1 4 7 7 16 6 27 30 15 31 10 2 11 21 18 16 
5 18 8 22 16 10 12 15 26 1 3 19 1 10 11 33 11 16 4 27 21 28 21 1 25 30 33 1 15 17 16 18 33 23 4 13 30 14 25 20 14 8 26 4 12 33 12 9 11 27 12 2 13 4 22 11 29 16 10 27 29 24 9 13 21 29 16 1 24 27 23 10 5 15 11 17 15 23 23 23 14 33 22 24 3 10 32 29 23 8 22 18 30 28 28 17 22 9 15 12 
2 5 19 7 17 28 21 29 17 10 16 28 9 4 17 12 11 15 5 1 23 27 16 19 19 11 33 5 17 15 16 18 17 33 22 31 27 9 27 8 17 13 9 33 25 11 16 1 21 31 6 19 18 30 2 1 13 10 33 18 26 12 31 8 28 28 28 26 21 3 17 26 19 25 26 9 2 8 7 21 3 10 6 20 6 5 20 17 14 20 1 4 31 29 10 24 24 4 16 9 
4 30 2 21 19 25 29 19 30 2 6 33 12 11 19 15 16 4 29 27 23 27 29 18 23 5 8 11 8 21 19 9 17 18 29 3 9 24 21 4 24 21 24 3 33 32 19 12 14 22 8 6 9 1 1 25 21 3 30 31 8 18 15 16 32 32 12 32 6 2 17 9 23 7 11 22 6 27 1 17 16 6 22 22 4 20 13 23 22 10 20 29 25 32 12 23 31 23 20 3 
22 3 11 10 8 19 31 13 12 29 27 25 32 14 14 3 33 24 25 20 33 9 13 22 8 24 10 3 11 29 5 31 31 13 7 5 31 2 15 7 29 1 9 32 27 22 10 27 19 33 16 5 31 23 18 19 28 6 28 30 15 21 32 12 19 11 16 21 6 17 3 12 12 9 10 6 30 17 30 13 17 13 18 12 2 33 28 29 5 21 25 19 8 23 28 24 31 10 12 3 
27 12 12 5 20 20 8 14 3 5 26 17 17 10 28 16 7 21 11 12 8 33 28 13 20 23 4 17 32 15 17 25 24 28 28 10 14 33 23 17 2 1 13 33 18 23 26 31 27 11 8 5 18 5 33 28 24 22 31 7 18 10 23 8 33 16 2 9 29 32 29 12 1 9 10 16 29 33 14 22 10 19 27 25 24 24 19 14 10 15 19 27 24 8 1 24 23 33 32 17 
32 26 26 30 1 33 12 29 32 25 15 6 11 6 28 32 29 12 12 3 26 30 28 14 3 28 4 23 26 1 6 22 26 32 18 24 31 29 19 28 19 2 31 31 27 4 24 25 30 33 3 31 23 31 25 3 33 17 7 22 9 5 26 28 30 24 12 20 19 6 3 11 24 33 9 17 1 30 8 29 29 8 26 18 3 17 20 2 33 24 22 7 28 12 1 24 33 11 8 18 
16 8 27 6 8 2 20 6 29 25 1 24 32 24 6 33 7 25 1 5 14 20 9 8 31 7 30 30 17 2 13 30 10 6 33 15 5 19 20 33 10 3 19 21 7 9 26 6 14 15 4 16 26 22 22 32 17 28 28 14 10 27 24 6 3 27 6 17 31 22 2 28 32 20 13 3 26 3 6 4 17 9 17 8 28 5 6 12 33 31 23 7 24 13 12 27 6 15 8 1 
4 9 26 33 26 5 2 17 7 7 20 21 13 4 28 8 6 31 19 3 28 6 9 19 18 19 10 21 33 15 19 3 22 11 33 14 13 1 28 19 5 5 13 4 18 14 32 23 19 29 6 22 22 11 30 7 26 15 14 11 13 28 27 13 16 4 13 28 16 11 22 32 16 32 2 31 12 31 18 29 27 23 15 13 31 9 19 21 22 30 29 1 24 22 11 5 23 23 32 3 
1 18 1 14 17 2 9 26 33 26 19 24 13 33 3 8 7 19 28 28 15 21 26 3 9 3 7 29 24 3 31 24 21 31 2 2 30 10 25 29 2 8 9 17 12 6 17 19 12 2 11 6 14 31 29 15 4 32 21 32 22 22 29 10 7 26 11 6 22 18 30 16 17 3 30 28 9 14 13 18 13 23 22 25 20 17 6 23 15 24 21 1 12 14 10 18 6 18 21 25 
2 16 5 18 18 33 10 24 13 22 9 23 11 30 14 28 13 17 15 26 8 33 26 17 13 3 33 16 20 20 8 20 2 10 2 18 9 12 8 19 33 13 16 9 9 10 20 3 23 4 16 15 9 15 7 23 28 7 22 10 25 7 15 11 6 25 12 23 31 23 29 17 21 11 23 29 21 7 29 8 8 11 20 14 26 26 4 18 31 23 27 22 29 7 32 33 29 8 22 26 
31 17 7 18 26 27 11 11 32 4 18 6 15 2 20 5 25 23 20 22 10 13 10 4 17 8 3 12 16 22 3 11 6 9 26 29 1 3 6 32 4 21 21 4 18 20 21 20 11 8 6 33 18 17 9 21 33 15 23 10 28 11 12 5 14 18 28 7 18 28 10 16 31 28 18 14 14 3 33 25 11 4 24 26 20 30 11 17 11 31 26 5 6 4 7 18 22 32 24 4 
26 1 18 22 26 33 2 7 2 1 29 10 4 19 33 21 13 10 5 24 5 28 26 11 30 31 28 18 29 16 21 20 14 5 8 7 2 9 11 4 7 34 6 11 9 22 11 29 1 18 31 24 23 24 15 33 20 10 25 4 5 7 22 22 19 25 29 25 26 2 2 27 9 5 5 17 26 13 10 26 30 6 15 19 29 27 16 15 3 7 16 5 12 2 27 30 24 20 19 15 
22 18 8 30 22 10 13 12 22 20 2 17 25 14 2 20 7 16 32 7 22 12 12 31 14 3 25 4 22 10 16 10 27 24 4 13 31 14 24 20 1 1 24 3 23 4 2 10 9 17 6 15 4 18 24 32 29 26 24 30 13 31 13 22 25 1 24 2 31 4 24 17 4 14 17 27 17 17 1 25 31 4 5 32 21 28 31 14 19 19 11 31 16 23 17 5 23 7 7 20 
11 28 2 12 8 16 3 22 30 1 12 28 5 16 24 23 8 21 4 26 4 14 21 18 1 5 22 23 9 26 7 17 20 6 27 25 20 29 14 16 30 1 25 8 32 5 32 21 12 17 24 5 19 2 23 3 2 27 24 22 1 15 27 15 1 32 8 26 16 2 4 32 29 26 4 27 30 2 12 8 17 3 10 2 4 33 4 4 24 27 25 24 8 18 4 7 15 11 30 30 
10 33 26 3 23 30 29 19 29 8 26 12 8 3 13 9 33 14 12 23 6 4 12 11 19 15 17 33 23 11 28 31 8 20 33 30 16 27 15 10 1 2 6 21 6 6 32 14 5 10 24 25 15 27 3 26 10 15 7 10 3 16 4 33 23 21 32 20 2 25 32 11 23 4 29 28 7 25 7 11 2 30 1 16 21 3 6 30 16 11 4 18 26 5 17 15 26 15 32 25 
7 29 2 27 30 28 22 4 20 26 12 21 22 12 1 7 13 7 3 28 17 7 10 7 11 26 21 1 5 18 25 9 13 24 3 7 19 22 10 5 14 3 20 23 33 31 23 6 8 27 6 33 10 12 9 16 21 1 2 21 4 17 11 12 27 1 14 33 19 33 8 21 11 27 10 10 22 33 13 30 26 19 29 1 28 5 14 15 3 13 1 4 29 9 16 20 9 27 20 26 
27 25 13 2 18 21 12 6 18 22 2 10 7 29 8 33 31 20 12 31 32 12 2 26 20 15 10 27 8 29 19 32 20 29 1 2 16 10 8 33 31 5 7 8 3 33 13 2 28 32 13 26 29 23 25 19 7 6 28 33 13 22 16 10 6 10 8 8 23 17 13 21 12 17 28 12 15 5 13 9 2 24 1 28 11 25 13 17 30 5 15 8 26 28 15 30 4 22 4 27 
3 14 14 12 28 6 24 9 8 1 18 9 24 16 3 32 8 13 16 2 18 28 7 8 22 21 4 24 7 5 17 9 16 28 21 11 31 9 19 5 9 8 1 12 31 17 12 29 22 25 9 23 7 3 28 12 23 15 16 13 22 18 27 28 1 19 13 11 16 21 27 20 30 28 31 25 9 10 20 30 32 27 17 3 27 11 14 16 24 29 26 10 14 17 4 12 2 15 22 15 
33 13 33 29 5 30 18 13 4 5 7 33 31 22 2 24 32 16 5 22 9 28 29 20 12 31 31 11 12 17 26 11 28 25 5 30 19 22 8 21 24 13 14 18 21 2 20 10 32 33 12 18 6 6 14 24 15 11 21 26 20 3 16 28 28 7 32 24 23 19 31 8 9 10 26 28 9 10 4 7 9 13 23 12 18 1 2 33 9 21 25 28 21 5 22 15 9 19 5 31 
4 1 4 12 10 29 4 18 5 5 23 11 17 12 22 2 12 24 32 18 11 21 12 31 25 31 10 33 16 12 28 17 12 31 27 19 26 30 4 28 2 21 24 5 18 33 25 17 9 15 15 26 23 2 2 18 26 32 27 23 13 5 18 29 17 15 20 33 6 17 3 33 16 24 3 33 23 27 15 31 6 29 21 28 31 22 12 21 21 3 11 31 7 28 26 21 7 11 21 12 
27 21 12 7 12 14 4 32 5 18 28 10 14 15 2 9 4 13 27 24 13 4 21 19 29 11 5 3 21 25 14 12 12 23 18 21 1 22 18 5 4 34 12 14 17 26 13 23 29 23 17 17 2 20 2 21 14 13 25 16 31 14 29 8 23 17 23 9 17 9 26 22 13 4 33 29 27 13 17 21 33 33 4 2 17 6 20 30 16 11 12 11 22 6 18 11 22 6 19 5 
14 9 24 26 12 22 20 4 32 3 24 31 33 25 32 16 30 18 13 10 26 24 21 12 27 3 23 15 8 6 18 20 15 6 12 24 25 29 27 23 31 55 15 19 28 7 15 11 1 31 23 11 21 11 29 33 5 29 22 19 2 25 1 21 6 5 30 28 29 26 19 17 21 1 2 16 5 16 24 5 11 13 13 32 23 8 31 27 2 17 11 1 8 9 21 12 13 15 6 9 
5 22 23 26 22 24 6 26 4 29 29 15 6 8 11 28 14 8 20 15 24 28 15 29 3 33 7 14 14 10 22 19 32 9 9 18 32 12 9 33 5 1 4 12 10 11 22 2 24 29 19 5 17 13 17 13 16 16 17 29 28 25 15 11 23 23 17 5 19 28 13 18 30 16 30 4 27 18 5 17 12 22 20 28 1 1 5 14 15 20 7 7 11 19 17 31 6 33 2 24 
25 15 7 19 30 1 22 21 16 24 3 27 12 20 20 11 20 22 24 32 8 31 5 18 14 21 13 20 18 15 8 7 29 14 25 23 12 11 9 28 33 1 11 19 9 28 5 19 12 25 8 11 32 3 15 15 16 1 25 2 16 6 10 23 32 21 12 20 33 21 28 27 20 3 10 26 28 15 12 6 4 17 16 33 19 29 12 32 29 4 32 9 9 8 31 6 26 8 25 25 
28 17 16 12 19 26 4 13 5 13 16 6 29 32 5 12 25 17 11 18 20 9 26 26 14 22 31 4 27 20 29 19 3 9 30 19 32 31 29 1 9 2 12 6 2 8 9 14 32 25 22 16 9 28 6 32 8 27 28 11 20 14 4 3 17 11 32 2 7 28 29 8 3 7 11 2 12 19 13 10 8 1 23 14 28 28 13 33 20 7 9 4 20 10 7 1 20 3 1 27 
28 29 32 30 33 9 30 11 26 9 20 33 8 7 14 33 32 24 33 18 30 6 20 14 15 24 15 33 26 15 26 21 10 22 15 7 28 11 17 20 18 3 3 18 25 7 31 24 5 19 21 21 15 26 7 28 6 30 7 5 20 21 28 7 28 16 20 1 10 28 17 28 12 17 12 1 21 7 23 26 25 10 11 6 1 17 31 4 11 5 8 28 23 33 33 16 15 19 16 22 
11 31 16 23 12 25 21 33 31 10 23 22 18 33 27 16 14 23 19 22 25 24 16 14 23 15 29 2 31 10 21 9 7 4 29 16 28 16 13 24 24 5 33 12 8 32 4 21 10 26 6 29 17 29 12 28 16 24 24 17 20 33 4 28 4 5 21 17 31 1 30 21 24 29 32 29 26 33 16 33 25 19 29 6 14 7 1 27 28 22 10 14 21 12 6 22 16 24 5 11 
25 1 31 13 28 28 9 18 27 22 17 17 8 12 20 19 16 18 13 9 6 20 20 24 31 26 12 12 14 15 22 5 13 18 16 7 10 22 24 1 10 8 6 15 15 17 2 1 31 17 11 6 23 30 25 11 26 15 21 4 29 2 23 31 14 5 13 21 14 1 9 15 11 14 27 25 29 26 23 26 10 33 31 30 30 20 7 20 2 27 23 30 28 10 27 7 15 5 27 26 
5 33 7 13 12 32 5 7 24 25 30 33 25 25 29 19 11 1 5 10 27 25 6 20 32 31 26 13 2 17 6 4 14 10 17 25 8 19 29 32 10 13 25 29 1 16 23 17 25 23 19 1 14 10 5 33 9 2 23 19 1 4 22 4 18 30 18 9 2 3 5 31 13 27 27 11 8 16 28 32 3 11 30 16 21 1 14 27 33 3 10 31 7 32 33 22 26 17 30 27 
20 32 25 32 26 18 7 33 31 32 29 33 10 25 15 28 24 28 19 21 29 28 19 33 24 18 21 16 1 17 8 20 14 32 16 6 16 23 3 11 21 21 29 10 28 18 22 22 8 17 7 29 10 33 12 9 21 29 27 2 27 8 9 14 21 7 27 24 20 14 24 30 33 19 4 27 4 25 16 9 6 20 2 15 19 13 21 7 8 14 8 2 22 14 13 7 20 4 31 6 
18 21 33 17 5 3 10 8 27 23 14 33 8 16 12 26 28 33 30 1 11 2 33 30 15 12 4 32 13 32 2 30 19 1 11 21 3 19 26 28 8 34 7 25 15 22 3 6 16 33 33 14 11 33 13 7 12 22 8 11 2 6 12 31 25 11 9 10 11 27 3 5 32 9 27 12 30 30 17 10 27 14 24 4 13 1 9 23 23 16 33 24 22 9 19 11 19 27 18 28 
18 20 30 17 28 24 28 22 18 9 32 11 20 20 13 31 18 19 20 7 1 17 30 20 25 16 28 9 7 13 3 25 32 32 6 25 22 31 13 4 4 55 9 15 23 26 25 20 11 10 4 17 8 20 12 26 10 25 18 18 31 30 18 20 27 16 25 16 3 20 28 4 23 2 18 13 27 7 30 4 16 32 19 24 18 30 14 25 19 31 9 14 26 24 1 17 5 23 32 7 
10 24 10 30 25 26 7 17 32 4 18 13 33 3 1 17 30 14 7 15 11 15 27 1 4 27 17 8 14 13 12 21 4 19 18 26 11 24 9 8 25 89 27 20 24 27 20 6 22 31 12 1 6 24 27 7 27 20 21 1 32 1 12 19 2 31 3 25 6 27 1 13 16 25 30 7 18 14 12 6 11 23 5 15 11 31 19 5 18 6 3 16 4 15 1 3 10 2 28 15 
26 28 26 8 17 20 14 32 1 23 3 9 10 7 23 21 4 6 23 19 12 25 32 13 6 31 16 13 32 10 28 24 2 18 29 18 4 10 14 2 30 1 16 9 7 20 29 25 24 2 14 9 11 5 8 23 9 5 5 21 1 12 13 22 13 28 17 28 30 24 7 29 21 22 4 25 9 31 14 30 32 27 3 7 29 8 29 2 10 32 21 10 10 31 31 23 26 13 15 20 
3 21 15 21 8 17 10 14 14 23 10 10 14 10 16 10 18 9 9 27 7 29 4 17 27 32 4 17 11 18 3 12 4 17 32 11 33 7 24 11 29 1 31 20 10 7 33 17 24 9 25 16 15 21 17 31 12 15 32 28 24 17 28 33 20 11 29 28 9 2 18 17 31 13 2 7 19 1 21 8 9 12 23 22 30 6 17 6 18 16 33 8 30 25 5 16 1 1 8 9 
2 23 25 32 2 26 3 18 25 23 23 31 33 12 19 27 15 1 33 33 16 30 5 12 22 10 25 22 10 32 28 9 19 19 8 20 10 8 2 32 29 2 25 29 28 1 13 21 16 13 20 13 26 15 15 2 3 24 24 24 31 22 18 7 5 1 12 24 8 19 23 6 14 14 33 6 15 12 25 28 22 9 7 12 23 21 13 25 10 3 15 5 22 30 9 26 31 20 14 3 
4 3 9 15 15 6 19 29 17 10 23 3 18 27 14 8 14 24 30 21 26 10 24 12 6 32 4 1 17 15 4 18 15 10 30 29 15 15 24 29 24 3 11 29 7 4 9 12 16 30 6 1 22 15 24 31 19 21 32 17 4 13 20 19 27 27 15 23 6 30 11 1 18 22 29 22 23 2 33 3 31 6 4 17 18 27 14 3 14 10 20 15 22 4 33 14 29 15 1 1 
9 11 33 26 30 26 15 18 28 12 20 23 15 23 5 31 15 18 31 26 28 17 8 14 19 7 25 12 19 25 12 27 1 9 20 30 2 32 14 27 8 5 32 14 21 21 18 18 33 1 15 26 26 30 33 6 13 4 31 24 23 20 33 16 20 9 33 17 8 29 28 32 2 26 10 22 12 28 4 11 26 18 3 18 12 33 21 24 4 16 14 26 3 12 6 22 18 4 3 23 
30 29 21 31 19 28 17 30 20 20 6 12 3 6 29 14 6 15 5 7 30 16 30 32 25 2 19 9 3 21 31 31 16 16 26 2 11 10 29 30 27 8 32 9 29 5 2 10 10 16 12 14 11 25 10 9 17 9 25 23 12 13 21 7 26 1 32 27 11 8 21 6 33 19 12 28 23 13 2 30 27 11 10 2 1 19 8 15 28 33 4 4 12 22 10 4 23 6 29 31 
14 14 3 13 32 14 5 20 25 7 14 18 15 24 19 15 7 26 29 32 25 31 33 1 19 7 3 6 13 29 4 26 9 6 3 5 20 5 24 11 9 13 5 26 24 26 9 3 30 32 32 29 22 27 28 22 12 2 22 18 12 17 19 4 25 24 4 30 8 6 18 16 15 22 6 5 12 14 7 9 13 3 2 1 29 27 20 6 26 9 23 4 23 8 5 13 29 8 7 2 
12 24 17 26 11 23 30 20 1 1 28 13 2 29 11 30 23 29 2 13 2 22 17 24 27 21 1 21 27 7 22 5 29 5 30 6 25 24 25 26 22 21 18 3 23 11 12 20 31 5 19 11 6 6 27 27 32 14 28 19 5 32 7 9 27 10 3 30 32 26 22 24 15 4 25 2 14 3 21 12 7 5 22 10 10 15 3 6 26 28 25 31 27 29 4 18 3 7 15 2 
30 1 23 9 4 14 11 17 14 29 28 20 33 14 27 7 28 30 13 19 22 2 14 13 28 17 31 29 21 12 30 18 12 19 24 13 31 1 29 11 30 34 22 31 27 2 24 32 28 18 9 13 5 8 26 17 2 7 12 30 28 23 24 10 32 10 33 11 7 1 5 17 28 26 12 19 27 1 15 21 16 23 31 20 30 23 2 30 28 13 26 22 1 15 29 30 24 28 8 28 
26 12 9 18 2 19 2 28 19 16 14 32 4 11 17 31 1 18 27 28 28 18 14 28 32 7 25 20 1 30 12 25 6 20 7 7 5 8 1 21 22 55 14 18 25 23 1 22 23 18 16 15 10 31 26 3 29 32 27 13 30 21 24 21 26 10 28 32 13 33 30 31 21 9 15 12 31 13 32 18 28 12 30 5 9 22 7 4 18 31 14 14 18 4 33 10 11 25 6 21 
22 2 19 10 8 31 19 5 11 17 22 5 28 18 7 3 4 13 4 21 10 17 33 25 18 30 32 29 21 4 16 9 4 32 16 11 28 2 16 3 18 89 2 5 11 18 12 11 21 24 15 7 32 29 6 23 14 2 20 7 20 23 20 28 26 17 11 2 11 10 17 11 25 16 15 2 33 24 13 19 13 25 25 11 18 30 31 29 29 17 2 15 5 20 7 28 3 15 29 11 
24 10 21 16 26 33 17 23 24 27 8 3 16 32 11 1 26 6 29 21 21 29 33 25 15 7 19 17 21 13 25 12 22 12 25 12 9 6 2 30 33 144 7 32 15 6 7 13 29 13 9 15 31 4 14 22 18 18 5 32 4 17 23 15 4 32 4 15 7 9 16 2 6 23 33 19 26 5 31 21 15 6 33 12 7 12 33 24 29 2 20 32 17 9 11 20 5 14 1 10 
21 17 11 26 4 8 9 29 12 7 14 26 12 12 4 17 23 1 5 16 1 25 15 17 31 23 3 3 2 3 12 22 17 22 12 20 27 21 13 6 25 1 25 29 1 3 33 17 23 31 22 5 31 13 17 14 10 5 16 10 6 17 21 25 33 7 1 18 1 19 28 4 10 17 32 11 17 29 25 6 25 13 9 22 23 23 1 31 27 14 7 32 28 26 21 26 30 22 10 28 
7 2 31 15 19 28 23 33 21 14 6 12 27 12 32 14 1 30 11 26 8 16 24 3 8 10 28 2 31 2 30 2 3 25 16 19 17 5 19 5 19 1 22 14 10 31 10 23 29 4 32 21 12 14 10 14 19 19 6 18 16 7 14 15 7 4 29 24 20 31 7 24 14 26 3 23 23 10 11 18 14 7 4 25 18 13 3 3 31 8 20 11 12 32 25 16 2 20 6 21 
16 12 10 29 4 10 17 24 19 27 7 30 31 10 19 15 22 19 15 17 24 32 27 2 30 16 18 29 3 23 15 16 33 24 11 1 31 27 25 14 18 2 29 11 15 5 27 29 24 13 10 7 3 9 31 3 3 13 20 32 15 7 13 30 4 1 6 5 29 32 27 9 17 22 17 31 24 9 25 12 19 32 18 21 7 15 21 8 27 7 4 7 12 14 1 13 12 4 17 7 
3 8 13 17 27 28 12 15 1 3 26 19 2 8 6 6 20 27 11 12 31 14 18 7 27 16 20 3 20 1 9 20 7 20 3 33 12 14 15 12 17 3 5 30 16 13 33 19 32 24 30 10 20 10 25 24 2 6 8 4 23 7 11 9 13 28 9 10 6 22 22 15 3 27 11 16 6 8 2 4 32 31 12 16 7 1 6 6 6 14 10 28 18 20 1 30 14 9 6 17 
31 28 31 31 21 6 14 24 13 15 25 9 12 3 24 16 2 28 22 7 6 29 33 23 13 33 19 24 9 22 7 4 14 2 1 32 7 12 22 17 26 5 12 26 2 12 14 16 13 8 2 18 13 30 17 33 9 16 16 30 22 5 3 25 16 2 24 15 8 33 1 24 24 10 14 25 22 28 5 32 33 6 16 13 2 32 10 8 15 26 4 1 30 4 24 10 5 12 22 10 
11 23 1 1 32 12 24 18 6 28 17 6 32 32 16 33 29 25 6 8 17 7 8 11 11 31 19 15 7 7 23 18 29 23 16 26 32 6 8 5 32 8 22 8 30 19 21 27 14 12 30 21 27 4 26 2 14 22 20 26 28 27 15 10 20 2 26 10 32 29 16 3 25 4 8 19 22 28 11 33 4 7 18 30 10 11 30 21 30 16 12 24 7 24 1 25 24 24 1 22 
19 16 22 9 18 29 27 4 21 4 4 24 11 21 19 18 29 15 4 25 28 13 16 33 3 14 24 26 4 22 12 20 3 33 28 20 26 20 23 13 23 13 26 4 31 12 20 14 7 1 15 32 26 27 12 25 29 25 13 20 26 2 31 10 4 29 3 21 21 22 8 1 9 32 2 7 10 21 18 14 19 32 12 9 25 23 32 18 12 11 4 2 10 33 12 11 28 14 31 13 
2 6 13 8 2 12 14 11 32 29 24 15 27 1 24 16 21 22 1 33 32 2 32 7 32 10 17 24 21 13 4 20 16 14 28 17 26 6 27 24 2 21 15 6 28 15 27 9 3 15 9 33 11 8 29 17 7 6 32 30 24 11 33 11 26 14 5 9 4 10 33 27 11 14 30 4 27 21 12 27 2 18 24 11 25 19 25 29 22 23 26 13 31 23 23 23 1 25 29 4 
1 26 29 10 5 23 11 31 11 20 22 10 4 12 20 26 28 10 22 17 32 12 27 28 1 14 15 2 5 11 3 3 1 31 10 5 21 18 2 31 4 34 23 7 5 32 25 29 27 1 17 10 30 26 1 24 26 14 4 25 16 12 28 16 12 25 26 17 10 10 16 7 12 6 12 14 2 3 9 28 3 23 2 30 15 2 19 6 15 22 30 28 33 22 11 11 14 1 27 23 
8 10 28 19 13 6 31 14 6 6 7 6 27 8 2 6 10 20 11 22 8 6 17 5 27 25 16 7 25 7 28 32 14 20 16 24 25 13 3 30 16 55 9 2 9 16 1 15 23 19 23 10 24 28 24 29 22 15 9 26 4 15 18 2 27 4 15 17 28 25 17 22 8 25 21 14 6 22 26 28 7 16 4 28 8 27 23 29 6 31 20 9 11 4 9 2 8 23 18 2 
13 33 22 18 24 9 31 29 28 22 22 32 2 23 27 9 15 14 3 20 12 22 27 20 25 2 21 32 22 3 32 1 2 20 18 24 26 14 17 21 33 89 3 19 1 26 10 9 5 24 9 24 33 30 17 19 22 16 4 18 5 4 14 3 4 33 21 27 24 32 8 11 31 11 27 29 1 2 4 5 25 11 28 24 7 10 7 26 25 8 9 27 11 22 30 14 20 17 5 10 
13 13 18 8 23 11 3 23 10 4 27 1 14 19 22 21 26 26 11 18 31 19 11 9 8 7 20 27 21 23 1 31 2 18 5 22 26 7 11 3 9 144 2 3 22 18 23 7 11 13 18 28 11 1 3 17 6 8 3 30 26 25 30 24 24 14 26 12 7 33 20 9 8 19 9 27 4 29 1 14 9 16 6 17 16 6 33 20 13 33 16 6 23 13 27 13 24 19 23 28 
16 9 3 23 26 10 15 29 5 15 7 11 28 12 27 10 15 26 27 28 24 10 31 13 20 24 23 8 7 12 3 23 19 5 10 11 12 24 4 15 3 233 10 25 30 19 19 5 33 9 31 25 32 5 20 11 22 8 1 30 15 10 32 4 28 1 11 3 13 2 6 27 2 15 16 32 31 1 3 31 8 31 20 6 3 7 15 24 14 13 18 26 20 16 27 15 15 5 15 27 
4 21 18 5 33 33 3 31 32 3 26 4 1 10 9 1 16 21 22 28 31 7 18 18 20 12 32 1 16 11 25 17 31 7 19 29 5 20 26 1 22 1 16 4 20 25 12 18 6 31 7 31 28 11 15 12 30 26 8 29 6 19 20 20 14 27 6 9 29 25 32 29 11 14 32 31 4 8 13 7 5 19 4 31 29 16 9 24 9 15 19 12 33 3 32 11 29 2 20 24 
26 18 19 1 30 15 29 31 23 9 4 27 25 5 24 19 20 31 9 26 12 25 5 9 27 1 17 23 33 3 11 23 19 28 23 13 9 19 10 31 27 1 11 23 18 15 11 1 32 6 9 25 15 33 27 21 27 25 5 14 24 7 22 13 23 14 33 2 21 18 9 16 9 17 3 25 31 14 25 28 19 32 19 32 31 10 19 22 1 23 33 22 28 20 32 15 33 31 17 18 
16 23 1 22 7 3 13 2 14 5 29 31 3 12 29 31 19 14 18 17 2 15 5 27 1 1 8 32 32 22 16 12 12 16 33 16 17 13 15 30 15 2 11 27 15 20 20 12 6 1 27 20 33 9 23 26 7 23 33 5 21 22 19 30 31 1 30 11 15 7 25 10 21 33 3 2 20 21 11 23 19 3 9 18 11 31 10 17 19 7 20 6 26 5 3 21 3 30 31 18 
3 23 25 21 22 27 20 6 14 30 28 30 30 2 14 5 30 21 20 15 26 6 19 18 8 21 6 10 15 3 25 17 23 16 4 12 8 23 17 19 17 3 10 16 12 9 29 16 5 15 2 18 7 7 3 24 14 21 27 22 2 28 13 16 15 27 17 26 1 4 8 19 20 15 32 31 23 26 12 25 7 13 9 13 18 11 1 31 31 26 17 32 18 30 12 32 21 28 25 21 
31 30 4 16 11 3 11 31 28 22 22 32 2 31 11 19 8 9 14 4 1 31 33 18 25 12 17 12 6 6 30 2 33 33 17 8 33 27 5 27 16 5 26 25 15 23 33 33 29 9 11 30 7 8 29 23 30 7 4 8 11 7 2 12 6 2 28 13 1 21 15 26 1 7 15 15 28 15 12 21 21 23 17 25 28 12 14 25 17 15 30 27 21 32 3 24 31 28 1 31 
13 15 21 14 20 3 26 14 17 5 32 2 27 15 26 21 24 5 10 5 19 7 29 5 3 31 28 33 25 29 28 5 8 16 16 27 18 8 5 1 12 8 3 2 5 15 25 24 4 29 33 8 15 4 4 19 6 32 11 5 24 4 31 26 12 13 8 3 30 13 8 28 25 8 27 27 23 18 17 26 14 15 31 26 18 1 11 22 33 19 26 21 23 21 13 32 33 18 1 29 
30 8 21 19 14 14 11 3 30 25 26 10 6 23 2 22 22 10 10 19 28 33 6 15 21 16 13 20 33 14 14 27 19 32 11 30 13 21 32 9 12 13 22 16 16 10 15 4 29 24 13 14 16 10 19 31 30 1 8 15 31 19 26 22 3 24 30 32 1 17 31 9 27 17 22 9 24 3 10 19 24 20 32 7 29 17 2 26 15 9 5 10 28 30 32 30 20 26 28 21 
10 23 27 1 5 16 9 28 16 16 14 7 2 10 13 30 25 14 20 6 22 24 16 14 20 12 10 5 4 5 25 11 25 18 11 29 31 17 24 14 30 21 2 20 31 11 30 26 2 10 12 6 29 1 19 10 18 28 19 22 31 21 13 7 11 29 15 6 26 30 27 4 26 26 23 24 4 19 16 3 26 25 8 22 25 26 29 10 20 12 31 16 31 9 20 8 2 1 11 27 
30 5 29 23 30 16 11 31 2 24 1 25 15 6 11 7 30 6 14 14 18 9 29 15 17 13 20 18 14 30 10 8 32 5 28 29 20 5 24 19 28 34 22 9 8 26 19 14 22 23 25 2 5 33 29 17 15 8 3 32 19 32 6 25 31 8 19 24 26 22 12 9 14 1 17 21 24 1 32 12 23 23 11 27 21 4 10 2 10 10 31 28 8 4 17 3 11 3 24 3